No Title  |POLVER05_1 |2
f(x) = (0.8867618+2.718123*x-11.82193*x^2+64.30139*x^3-116.7602*x^4+83.63095*x^5) * (x-0.83926) - 1.6

x(min) = 0
x(max) = 1

